person 0.6364 452 218 475 312
person 0.6277 395 212 417 272
person 0.5852 462 220 485 291
person 0.5849 361 212 379 272
person 0.4943 288 210 308 267
person 0.4875 424 214 442 265
person 0.4608 481 220 499 288
person 0.4358 447 221 461 261
person 0.3828 407 213 426 269
person 0.3646 443 214 461 289
person 0.3601 353 212 373 270
person 0.3381 387 216 401 269
person 0.3256 324 208 344 271
person 0.3252 379 214 394 264
bottle 0.3761 0 156 17 212
bus 0.3494 306 178 386 262
car 0.6471 251 220 292 249
car 0.6220 0 208 110 300
car 0.4874 266 218 306 256
