motorbike 0.8896 74 154 202 292
motorbike 0.7904 187 159 265 267
motorbike 0.7051 0 166 99 321
motorbike 0.6206 365 152 429 217
motorbike 0.5650 289 152 393 226
motorbike 0.5550 426 135 465 193
motorbike 0.5364 145 157 229 277
motorbike 0.4974 460 123 494 180
motorbike 0.4524 246 151 320 228
motorbike 0.3558 258 168 351 242
person 0.8458 10 119 88 244
person 0.5060 267 135 308 200
person 0.4955 404 120 426 178
person 0.4729 430 121 461 181
person 0.3246 269 135 306 165
person 0.3061 336 141 362 168
car 0.4193 374 165 429 215
