person 0.8561 366 155 420 315
person 0.7096 142 189 193 310
person 0.6770 65 165 116 256
person 0.6743 230 239 283 331
person 0.6705 104 195 144 249
person 0.6004 0 193 44 255
person 0.5773 314 218 357 288
person 0.4879 104 194 156 300
person 0.4487 429 165 456 201
person 0.4487 227 165 263 248
person 0.4372 62 170 131 311
person 0.4123 316 230 373 329
person 0.3623 94 197 168 355
person 0.3591 238 237 279 277
person 0.3562 410 169 429 213
person 0.3407 445 241 475 302
chair 0.8200 330 263 384 338
chair 0.8113 233 263 283 355
chair 0.8017 112 277 192 374
chair 0.3882 93 252 164 369
