person 0.8264 301 180 372 371
person 0.8104 161 204 335 482
person 0.7923 64 190 118 265
person 0.7698 69 131 111 204
person 0.7619 140 144 208 215
person 0.7460 104 134 137 196
person 0.7223 1 171 84 333
person 0.6906 239 159 275 211
person 0.6607 191 165 252 227
person 0.6228 103 182 145 240
person 0.5529 213 161 278 227
person 0.5355 21 206 76 311
person 0.4721 31 194 105 300
person 0.4487 263 199 309 313
person 0.3439 0 159 39 323
person 0.3379 265 189 336 354
person 0.3304 196 161 233 210
person 0.3299 243 164 302 273
person 0.3178 272 195 304 250
bottle 0.3723 151 252 166 296
