person 0.4016 434 11 499 131
bottle 0.8472 191 93 224 190
bottle 0.8278 209 2 245 104
bottle 0.8211 142 151 189 287
bottle 0.8051 109 155 141 278
bottle 0.8037 148 6 177 100
bottle 0.8035 248 0 285 97
bottle 0.8018 253 89 291 194
bottle 0.7907 293 0 335 113
bottle 0.7861 224 95 254 189
bottle 0.7839 139 97 167 183
bottle 0.7690 61 96 88 162
bottle 0.7643 337 0 379 116
bottle 0.7623 322 84 366 210
bottle 0.7556 110 97 139 182
bottle 0.7402 278 186 333 332
bottle 0.7168 65 152 104 280
bottle 0.6739 167 99 191 181
bottle 0.6450 127 7 152 98
bottle 0.6275 371 101 411 213
bottle 0.5743 230 204 273 316
bottle 0.5721 91 100 110 157
bottle 0.5671 184 196 222 297
bottle 0.5530 213 166 242 273
bottle 0.5505 128 0 151 54
bottle 0.5316 179 4 207 101
bottle 0.5246 379 0 429 128
bottle 0.5117 287 93 323 195
bottle 0.5038 104 9 128 101
bottle 0.4934 34 148 67 253
bottle 0.4638 42 101 64 156
bottle 0.4005 219 5 242 56
bottle 0.3866 167 167 193 270
bottle 0.3851 235 87 278 180
bottle 0.3660 245 65 266 128
bottle 0.3647 7 152 43 251
bottle 0.3570 109 3 129 50
bottle 0.3496 213 47 240 118
bottle 0.3391 150 2 178 54
bottle 0.3367 361 107 388 206
bottle 0.3194 32 18 59 93
bottle 0.3193 107 52 124 113
bottle 0.3080 290 161 330 284
bottle 0.3042 222 0 252 83
bottle 0.3011 163 160 209 298
chair 0.4974 0 278 79 332
chair 0.4402 124 289 215 332
chair 0.3495 358 128 496 332
chair 0.3117 105 279 175 330
chair 0.3009 59 278 149 332
