bottle 0.7930 304 120 355 326
bottle 0.7046 175 164 216 310
bottle 0.6904 90 179 135 325
bottle 0.6770 30 165 75 313
bottle 0.6609 237 157 284 315
bottle 0.5906 442 149 486 320
bottle 0.5425 382 150 426 325
bottle 0.4992 149 170 179 299
bottle 0.4689 271 135 305 313
bottle 0.4562 343 128 379 312
bottle 0.3846 122 152 156 296
bottle 0.3743 215 160 242 293
bottle 0.3672 174 136 202 222
bottle 0.3614 313 132 342 199
bottle 0.3354 410 152 454 324
bottle 0.3291 151 152 177 239
bottle 0.3228 96 131 147 284
bottle 0.3209 252 143 268 194
bottle 0.3154 244 131 273 197
bottle 0.3136 40 162 68 226
