bottle 0.9009 269 179 312 313
bottle 0.8691 168 186 209 314
bottle 0.8687 370 174 416 327
bottle 0.8151 418 183 468 322
bottle 0.8101 17 181 65 321
bottle 0.7965 319 183 365 315
bottle 0.7951 219 185 263 313
bottle 0.7822 69 183 115 318
bottle 0.7459 118 178 164 319
bottle 0.5565 172 0 221 155
bottle 0.4923 65 0 122 153
bottle 0.4579 16 0 69 154
bottle 0.3885 423 2 469 157
bottle 0.3825 92 179 130 317
bottle 0.3753 200 187 227 304
bottle 0.3267 119 0 164 152
bottle 0.3160 225 13 277 144
bottle 0.3035 338 180 396 318
