person 0.8781 95 186 131 286
person 0.8305 68 187 96 286
person 0.8166 138 183 177 288
person 0.7639 0 276 40 374
person 0.7296 2 168 44 305
person 0.6740 448 239 476 274
person 0.6469 162 178 209 276
person 0.5923 371 198 401 228
person 0.5167 120 276 152 307
person 0.5070 4 166 33 200
person 0.5053 138 186 479 374
person 0.4668 415 203 441 236
person 0.4565 474 204 498 276
person 0.4301 265 144 339 236
person 0.4064 177 179 221 243
person 0.3949 164 172 193 208
person 0.3947 75 266 178 342
person 0.3862 143 183 234 292
person 0.3799 195 192 223 253
person 0.3543 475 196 488 215
person 0.3444 416 209 446 266
person 0.3391 459 197 476 225
person 0.3257 442 207 458 247
person 0.3186 468 201 493 251
person 0.3106 103 274 153 322
car 0.8256 109 218 499 374
