person 0.9157 387 147 423 258
person 0.8659 328 154 359 247
person 0.8581 363 153 389 251
person 0.8175 270 161 297 238
person 0.8079 297 166 326 241
person 0.7762 243 163 265 235
person 0.7743 473 157 499 274
person 0.7679 439 158 468 258
person 0.7351 221 167 243 233
person 0.6346 0 129 96 338
person 0.5994 200 169 218 215
person 0.4656 231 166 254 233
person 0.4118 94 179 105 206
person 0.3975 85 176 98 204
person 0.3925 100 179 111 206
person 0.3757 112 178 125 209
person 0.3220 366 62 388 90
person 0.3054 110 181 120 207
car 0.9116 113 181 220 251
