person 0.6835 164 105 192 130
person 0.6741 297 104 335 163
person 0.6729 138 104 164 137
person 0.6601 4 129 77 247
person 0.6494 109 112 146 159
person 0.6474 53 126 98 174
person 0.6068 401 97 430 134
person 0.5787 395 106 476 216
person 0.5739 326 99 359 143
person 0.5624 433 102 457 129
person 0.5371 199 104 224 137
person 0.5234 283 109 348 199
person 0.4930 185 125 260 251
person 0.4871 363 96 393 138
person 0.4785 219 111 288 195
person 0.4753 126 104 155 138
person 0.4580 274 102 307 140
person 0.4229 424 99 465 135
person 0.4204 191 119 248 195
person 0.4041 451 100 479 133
person 0.3591 196 106 229 164
person 0.3224 337 112 410 212
person 0.3122 286 101 306 121
person 0.3072 233 104 305 166
person 0.3057 277 103 322 166
person 0.3032 59 167 154 283
chair 0.8775 64 197 153 301
chair 0.8773 399 132 476 231
chair 0.8664 4 181 82 297
chair 0.8582 183 175 268 294
chair 0.8027 347 141 402 227
chair 0.6330 283 142 348 222
chair 0.3533 131 194 202 294
