motorbike 0.3775 6 194 27 227
person 0.5333 434 148 454 171
person 0.5032 454 150 467 171
person 0.4035 427 149 448 174
person 0.3993 122 158 159 205
person 0.3312 196 119 205 145
car 0.9456 232 232 457 308
car 0.8607 1 253 205 346
car 0.8485 128 205 319 273
car 0.8440 12 173 96 208
car 0.7639 402 171 489 210
car 0.7236 311 174 369 206
car 0.6336 458 176 491 209
car 0.5181 242 176 297 208
car 0.4635 6 188 27 224
car 0.4186 150 178 246 215
car 0.3771 234 171 287 197
car 0.3547 106 170 142 199
car 0.3519 130 194 265 250
car 0.3348 121 165 163 215
