motorbike 0.8632 272 128 392 320
motorbike 0.5571 334 56 385 129
person 0.8638 259 78 377 248
person 0.5812 176 69 219 115
person 0.5731 406 40 424 93
person 0.5637 426 39 447 92
person 0.5614 421 42 438 91
person 0.4865 273 38 293 93
person 0.4834 323 38 371 110
person 0.4498 390 36 413 91
person 0.4113 173 75 223 160
person 0.4101 370 44 385 85
person 0.4098 414 41 431 93
person 0.3723 383 37 403 88
person 0.3683 451 42 468 91
person 0.3617 464 39 485 90
person 0.3467 340 32 377 91
person 0.3167 274 39 291 63
